39,52
39,51
39,50
39,49
39,48
39,47
39,46
39,45
39,44
39,43
39,42
39,41
39,40
39,39
39,38
39,37
39,36
39,35
3,2
3,1
3,3
10,214
10,200
10,118
10,196
10,26
10,268
10,226
10,2
10,3
11,14
11,8
11,20
9,7
9,4
9,1
9,6
36,5
36,4
36,3
36,2
36,1
36,0
33,5
33,4
33,3
33,2
33,1
33,0
30,3
30,2
30,1
30,0
29,3
9,2
29,2
29,1
29,0
28,3
28,2
28,1
28,0
27,3
27,2
27,1
27,0
26,4
26,3
26,2
26,1
9,3
26,0
25,4
25,3
25,2
25,1
8,14
8,17
8,15
8,6
8,10
25,0
24,3
24,2
24,1
24,0
12,2
12,1
11,30
11,29
11,28
12,3
20,2
11,27
11,26
20,1
20,3
19,2
