10,275
10,237
10,267
10,289
10,19
10,293
11,28
11,4
11,10
11,20
8,6
8,10
8,7
8,2
8,3
86,3
86,2
86,1
86,0
85,4
85,3
85,2
85,1
85,0
84,4
84,3
84,2
84,1
84,0
24,3
24,2
24,1
20,3
20,2
20,1
19,2
12,3
19,1
12,2
19,3
12,1
11,30
11,29
11,27
11,26
11,25
11,23
11,21
11,17
11,14
11,13
11,12
11,11
11,8
11,7
11,5
11,3
11,2
11,1
10,315
10,291
10,273
10,221
10,205
10,187
10,179
10,177
10,165
10,149
10,141
10,131
10,123
10,117
10,113
10,99
10,95
10,67
10,65
10,35
10,29
10,27
10,23
10,3
10,2
18,1
10,1
9,7
18,3
9,5
9,3
9,2
9,1
8,18
14,1
8,17
14,3
13,1
8,16
8,14
13,3
8,11
8,9
8,1
8,4
3,3
3,2
3,1
2,2
2,1
